4.421
4.475
4.325
4.670
4.140
4.245
5.266
4.466
5.827
4.279
5.296
4.713
4.652
4.734
27.091
4.499
6.257
5.270
5.474
4.995
5.650
4.392
4.352
4.401
4.875
5.315
5.823
5.324
5.856
4.745
5.380
4.587
4.775
4.512
4.070
5.994
5.295
6.189
4.254
4.164
4.440
5.404
4.551
4.635
5.284
6.047
4.569
4.577
5.367
4.704
4.777
4.522
4.301
4.243
4.718
5.325
4.551
4.690
5.334
4.185
5.180
4.974
4.996
4.571
4.677
4.320
4.381
4.225
6.141
5.061
5.375
5.347
4.083
5.510
5.169
5.220
4.957
5.935
4.591
4.362
4.598
4.496
5.870
5.863
4.341
4.473
4.909
4.860
4.846
5.303
4.251
4.204
5.696
6.255
5.639
4.061
4.781
5.552
5.637
5.758
6.246
4.094
4.609
5.189
4.313
6.592
4.830
5.468
4.989
4.808
4.747
4.990
4.478
4.823
5.891
5.830
4.316
4.772
4.472
5.004
4.227
5.801
4.491
5.653
4.309
4.873
5.071
4.248
5.108
5.348
4.351
4.890
5.064
4.384
4.515
4.367
4.994
4.520
6.181
4.542
4.970
4.922
4.381
5.287
5.933
4.515
4.744
4.872
4.177
4.678
4.245
4.115
5.004
5.209
4.971
4.829
5.814
5.015
5.644
6.070
5.203
4.832
4.290
5.596
4.435
5.033
4.854
4.504
4.437
6.192
5.660
4.122
4.389
4.471
4.676
4.667
5.411
4.771
4.857
5.447
5.705
5.485
4.453
4.599
4.416
6.313
5.435
5.240
5.470
4.465
4.853
4.315
5.011
5.409
4.597
5.558
4.177
4.777
7.512
4.956
4.340
4.117
5.094
4.424
5.494
4.688
4.529
5.401
4.725
125.000
6.058
4.568
5.057
5.238
4.199
4.542
4.474
4.283
4.640
4.738
4.683
4.391
4.372
4.819
4.414
5.995
4.729
4.768
4.376
4.559
4.246
4.382
4.707
5.231
5.854
5.022
5.056
4.838
5.983
4.231
4.716
5.570
4.286
5.391
4.454
4.789
5.689
4.693
5.584
5.395
5.444
4.393
5.604
5.933
4.394
4.417
6.165
4.594
4.494
4.778
4.931
5.019
4.335
4.162
4.622
4.750
4.575
5.518
4.813
4.194
5.575
4.556
4.154
4.960
4.640
37.038
4.586
5.820
4.797
4.425
4.635
4.427
4.080
4.623
5.748
4.325
4.081
6.023
5.717
4.321
4.257
4.817
6.145
5.288
4.954
5.180
4.422
4.478
4.924
5.289
4.121
4.268
4.822
5.680
4.260
4.638
5.144
6.197
4.732
5.267
4.634
4.812
5.922
5.169
4.594
4.546
5.690
4.357
4.919
4.404
5.492
4.415
4.156
4.627
4.736
5.616
4.665
4.573
5.881
5.512
4.796
4.991
5.776
4.675
4.228
4.178
4.490
5.391
5.464
4.134
5.575
5.252
4.444
4.133
4.961
5.541
5.865
5.919
4.962
4.416
4.543
4.935
5.872
5.169
4.538
4.599
4.172
4.274
4.682
4.916
5.230
5.061
4.954
4.945
5.713
4.405
4.153
4.796
4.078
4.841
4.668
4.286
5.245
4.239
5.069
5.519
6.539
4.551
5.963
4.457
5.857
4.693
4.535
4.226
4.863
5.725
4.489
5.583
4.564
4.848
4.219
4.500
4.256
5.505
5.914
4.901
4.267
5.959
4.479
4.692
4.594
4.067
5.502
4.264
4.240
4.597
5.908
5.974
4.521
4.098
4.626
4.657
5.418
5.026
5.498
4.966
4.566
5.207
4.386
4.556
4.222
5.017
4.941
4.690
4.431
4.181
4.376
5.554
4.815
4.672
4.224
4.247
4.490
4.421
5.142
4.242
4.607
5.456
4.761
6.748
4.443
4.286
4.287
4.856
5.940
4.470
5.952
4.905
5.504
4.635
27.542
5.261
5.667
5.143
4.422
4.123
4.162
5.600
4.280
5.436
4.458
5.331
4.515
5.368
4.123
4.289
4.737
4.230
5.393
5.400
6.697
6.000
5.832
4.266
5.171
4.719
4.177
4.556
4.977
5.822
5.835
4.186
4.857
4.796
4.453
4.364
5.642
4.716
4.678
5.249
5.213
4.245
5.016
5.232
4.555
4.788
5.016
5.060
5.239
4.374
4.056
4.198
4.372
5.671
6.092
4.283
5.019
4.683
5.513
4.723
4.395
4.599
4.000
5.269
6.096
4.372
4.275
4.128
4.405
4.497
5.151
4.255
5.496
4.787
5.519
4.190
4.272
5.637
5.017
4.577
4.835
5.077
4.856
4.172
5.972
5.376
4.876
4.609
4.280
5.812
5.034
5.484
4.356
4.438
4.428
5.256
4.924
5.607
5.580
5.362
4.270
4.242
4.443
4.820
4.815
4.269
4.371
4.337
4.873
6.329
4.653
5.839
4.707
4.925
5.076
4.123
5.121
6.024
5.581
4.297
4.556
4.639
5.441
5.103
5.823
4.662
4.669
4.727
5.408
4.854
4.508
5.792
5.484
4.910
5.016
4.838
4.309
5.375
5.047
5.908
5.594
4.663
4.307
5.234
4.818
27.000
5.177
4.803
4.799
4.675
4.700
4.554
5.444
4.943
4.544
4.295
5.142
5.882
4.578
5.338
4.988
4.852
6.253
6.768
5.561
6.138
6.329
4.393
4.407
6.407
5.384
4.528
4.421
4.478
4.427
4.700
6.912
4.489
5.448
4.343
4.876
5.402
4.553
5.617
4.342
4.194
4.987
4.600
4.389
5.052
5.597
4.605
4.372
4.472
4.370
5.797
4.979
4.392
5.203
5.196
4.197
5.089
4.194
5.287
4.222
5.037
4.683
4.731
4.253
4.827
5.687
4.628
6.014
5.380
4.859
4.351
4.918
4.810
4.743
5.899
5.606
4.664
5.959
4.303
4.725
4.570
5.325
4.454
4.434
4.709
4.493
4.699
4.539
4.565
4.349
4.325
5.874
4.912
5.442
4.849
5.498
5.325
4.669
4.289
4.305
6.190
4.345
4.161
4.938
4.136
5.243
4.461
4.437
4.737
4.795
6.228
5.233
4.247
5.004
4.824
4.839
5.302
4.578
4.763
6.215
4.484
5.803
5.009
4.351
4.251
5.117
4.230
5.249
5.744
4.135
4.312
4.277
5.033
4.299
5.771
4.735
5.550
5.683
4.793
4.296
4.360
4.217
5.167
4.583
5.348
4.271
4.322
5.687
4.784
4.289
4.138
4.289
4.311
5.329
5.747
4.879
4.488
5.000
5.913
4.768
4.111
4.471
4.846
4.918
4.705
5.050
4.563
4.336
7.304
4.311
4.520
4.366
5.081
4.306
4.687
4.857
6.227
4.378
4.342
4.755
4.071
5.502
4.503
4.791
4.661
4.357
4.678
4.696
5.348
5.425
4.715
4.586
4.748
5.167
5.191
4.774
4.696
5.441
4.806
5.132
4.207
4.337
6.067
4.267
4.350
4.943
4.289
4.576
5.739
4.398
4.195
4.675
4.835
5.382
4.594
5.241
4.541
5.151
4.185
4.326
4.945
4.596
4.225
5.206
4.468
6.101
4.630
5.280
4.986
4.679
5.907
6.019
4.649
5.362
5.789
4.114
4.440
4.882
4.207
4.618
4.272
5.002
4.170
4.375
4.755
5.236
4.719
4.835
5.304
4.543
5.196
4.705
4.844
4.652
4.736
4.226
4.634
4.248
4.924
4.941
4.852
5.065
4.982
5.487
4.636
4.967
4.848
4.385
4.944
4.888
4.631
5.409
4.326
4.781
4.823
4.625
4.918
5.520
5.360
5.317
4.360
4.818
4.287
4.222
4.523
5.238
4.906
4.199
4.787
4.769
4.356
4.367
4.594
5.577
5.132
4.290
4.962
4.515
5.772
4.313
28.375
4.376
4.587
4.791
4.686
4.537
4.798
5.582
6.655
5.485
5.195
4.406
4.591
5.776
4.496
4.368
4.793
4.840
5.724
4.669
4.659
4.382
4.318
5.399
4.319
4.558
4.356
4.183
4.424
4.971
4.543
4.407
5.579
4.538
4.772
6.346
4.498
4.573
6.062
4.977
4.952
5.652
5.969
4.117
5.299
5.228
5.386
5.007
5.551
5.433
4.260
5.627
5.005
5.226
4.980
4.634
5.035
5.508
4.570
4.351
5.023
5.007
5.326
4.261
4.439
4.788
4.503
5.110
4.978
4.850
4.176
4.557
5.237
4.534
5.019
4.845
4.364
4.415
4.631
6.425
4.487
7.550
4.823
4.537
4.307
4.280
4.131
4.741
4.274
4.674
5.041
5.416
4.189
4.588
4.302
5.947
4.160
5.021
4.242
4.669
5.780
4.769
5.169
4.770
4.547